419 -1 189 0 0 0 0 0 520 0.16462108455123542 -0.04753081478435241 0.11709026976688301 -331
420 -1 195 0 0 0 0 0 533 0.07383296768113057 0.09640860645595378 0.17024157413708435 -338
421 -1 185 0 0 0 0 0 538 0.002889277935860579 -0.2595816758939667 -0.2566923979581061 -353
421 -1 207 0 0 0 0 0 560 0.002889277935860579 0.1465502521534855 0.14943953008934607 -353
421 -1 232 0 0 0 0 0 585 0.002889277935860579 -0.5590332903813287 -0.5561440124454681 -353
422 -1 182 0 0 0 0 0 535 -0.0437656231007196 0.28679014581550943 0.24302452271478983 -353
422 -1 221 0 0 0 0 0 574 -0.0437656231007196 -0.3610001772001296 -0.4047658003008492 -353
422 -1 237 0 0 0 0 0 590 -0.0437656231007196 0.2903010474339874 0.24653542433326778 -353
423 -1 181 0 0 0 0 0 503 -0.09476675842811719 0.03497971130056453 -0.05978704712755266 -322
423 -1 215 0 0 0 0 0 537 -0.09476675842811719 0.30048513629525997 0.20571837786714278 -322
423 -1 223 0 0 0 0 0 545 -0.09476675842811719 0.19096480762054255 0.09619804919242536 -322
424 -1 187 0 0 0 0 0 538 0.013717795375845686 0.2896609450133944 0.30337874038924006 -351
425 -1 184 0 0 0 0 0 520 0.022330264751145634 0.03697515664550092 0.05930542139664655 -336
426 -1 196 0 0 0 0 0 553 -0.06371806976595712 0.35924722854244245 0.29552915877648533 -357
427 -1 194 0 0 0 0 0 541 -0.08117362105731096 0.22184086219184104 0.14066724113453008 -347
428 -1 181 0 0 0 0 0 505 -0.10803914662923869 -0.17292342595201804 -0.28096257258125673 -324
428 -1 210 0 0 0 0 0 534 -0.10803914662923869 0.45439809568056705 0.34635894905132836 -324
429 -1 186 0 0 0 0 0 526 0.08341898197689773 -0.02062912482036769 0.06278985715653004 -340
429 -1 205 0 0 0 0 0 545 0.08341898197689773 -0.10171413984388918 -0.018295157866991443 -340
430 -1 197 0 0 0 0 0 544 0.061450127606600694 -0.4851918404555216 -0.4237417128489209 -347
430 -1 208 0 0 0 0 0 555 0.061450127606600694 -0.17863464304331636 -0.11718451543671567 -347
431 -1 199 0 0 0 0 0 550 -0.14338705459587747 -0.02142651562809852 -0.164813570223976 -351
432 -1 192 0 0 0 0 0 546 0.06323287027521762 -0.3397041138201263 -0.27647124354490865 -354
432 -1 219 0 0 0 0 0 573 0.06323287027521762 0.028508306564809915 0.09174117684002754 -354
433 -1 190 0 0 0 0 0 545 0.056690256348786175 -0.022240813090300016 0.03444944325848616 -355
433 -1 215 0 0 0 0 0 570 0.056690256348786175 -0.033172205056242854 0.02351805129254332 -355
434 -1 185 0 0 0 0 0 531 0.0810858219213168 -0.2102579434801718 -0.129172121558855 -346
434 -1 217 0 0 0 0 0 563 0.0810858219213168 -0.34159853227105 -0.2605127103497332 -346
434 -1 229 0 0 0 0 0 575 0.0810858219213168 -0.20188136725131509 -0.12079554532999828 -346
435 -1 188 0 0 0 0 0 522 -0.10246714654744431 0.12550524913653932 0.023038102589095014 -334
435 -1 211 0 0 0 0 0 545 -0.10246714654744431 -0.4303587278876271 -0.5328258744350713 -334
435 -1 227 0 0 0 0 0 561 -0.10246714654744431 0.10676502528477624 0.004297878737331937 -334
436 -1 200 0 0 0 0 0 523 0.003801661848951348 -0.13315097422222333 -0.129349312373272 -323
436 -1 218 0 0 0 0 0 541 0.003801661848951348 -0.2728268487454838 -0.26902518689653243 -323
436 -1 236 0 0 0 0 0 559 0.003801661848951348 0.24415046847321709 0.24795213032216842 -323
437 -1 190 0 0 0 0 0 511 -0.04339965689805528 0.01935808551027518 -0.024041571387780097 -321
437 -1 215 0 0 0 0 0 536 -0.04339965689805528 -0.3847245120777271 -0.4281241689757824 -321
437 -1 224 0 0 0 0 0 545 -0.04339965689805528 0.3219672510431983 0.278567594145143 -321
438 -1 198 0 0 0 0 0 538 0.021357705158506622 0.15929387527319827 0.1806515804317049 -340
438 -1 212 0 0 0 0 0 552 0.021357705158506622 0.07009354352610285 0.09145124868460947 -340
438 -1 225 0 0 0 0 0 565 0.021357705158506622 0.282476893567774 0.3038345987262806 -340
439 -1 189 0 0 0 0 0 545 0.07040845821828351 0.20906133259062665 0.27946979080891016 -356
440 -1 199 0 0 0 0 0 543 -0.06335297748942718 0.20073408896135547 0.13738111147192827 -344
440 -1 209 0 0 0 0 0 553 -0.06335297748942718 -0.31451027086358374 -0.37786324835301094 -344
440 -1 223 0 0 0 0 0 567 -0.06335297748942718 0.18114946299870244 0.11779648550927525 -344
441 -1 195 0 0 0 0 0 533 -0.04080555098369544 -0.047767207539227925 -0.08857275852292337 -338
442 -1 185 0 0 0 0 0 530 0.14527748976001037 0.19843352535937223 0.3437110151193826 -345
443 -1 197 0 0 0 0 0 559 0.008953212752352772 -0.021933660373928784 -0.012980447621576012 -362
444 -1 181 0 0 0 0 0 537 -0.00211460505993721 0.0035808630028710715 0.0014662579429338615 -356
445 -1 198 0 0 0 0 0 543 0.020309903754213775 0.05174619598004663 0.0720560997342604 -345
446 -1 200 0 0 0 0 0 510 0.05608723147433476 0.23343412235601202 0.2895213538303468 -310
447 -1 198 0 0 0 0 0 526 -0.028011051498774878 -0.46110838948315025 -0.4891194409819251 -328
447 -1 219 0 0 0 0 0 547 -0.028011051498774878 -0.004692289027897366 -0.032703340526672245 -328
447 -1 223 0 0 0 0 0 551 -0.028011051498774878 -0.37885800105272827 -0.40686905255150313 -328
448 -1 189 0 0 0 0 0 528 -0.11525733458445217 -0.02260153100109733 -0.1378588655855495 -339
449 -1 187 0 0 0 0 0 531 0.013060381694960073 0.5427475085442602 0.5558078902392203 -344
450 -1 192 0 0 0 0 0 543 -0.07577681501536343 0.15625330143160224 0.08047648641623881 -351
451 -1 196 0 0 0 0 0 537 -0.0014199113615474893 -0.12921265439948296 -0.13063256576103044 -341
451 -1 219 0 0 0 0 0 560 -0.0014199113615474893 -0.054329331196898575 -0.055749242558446065 -341
451 -1 226 0 0 0 0 0 567 -0.0014199113615474893 0.3442713662178141 0.3428514548562666 -341
452 -1 187 0 0 0 0 0 526 0.002160465404688915 0.05009140966642586 0.05225187507111478 -339
452 -1 211 0 0 0 0 0 550 0.002160465404688915 -0.07517985761017278 -0.07301939220548385 -339
453 -1 199 0 0 0 0 0 551 -0.0662390560503263 0.025660024935859897 -0.04057903111446641 -352
453 -1 202 0 0 0 0 0 554 -0.0662390560503263 0.1316779294232094 0.06543887337288311 -352
453 -1 224 0 0 0 0 0 576 -0.0662390560503263 -0.14867233980537156 -0.21491139585569785 -352
454 -1 193 0 0 0 0 0 504 0.08035899658762932 -0.019166105021439228 0.061192891566190094 -311
455 -1 191 0 0 0 0 0 518 0.054120317440749466 -0.05289321897703792 0.0012270984637115442 -327
456 -1 193 0 0 0 0 0 538 -0.09688543373188477 -0.2470652985606632 -0.34395073229254797 -345
456 -1 217 0 0 0 0 0 562 -0.09688543373188477 -0.05392021374908658 -0.15080564748097136 -345
456 -1 235 0 0 0 0 0 580 -0.09688543373188477 -0.216731700287138 -0.3136171340190228 -345
457 -1 191 0 0 0 0 0 498 0.0005385426310932431 0.11070150409593482 0.11124004672702806 -307
458 -1 198 0 0 0 0 0 517 0.0969364778634465 0.16152576509821706 0.25846224296166354 -319
458 -1 217 0 0 0 0 0 536 0.0969364778634465 0.1446160049694908 0.24155248283293732 -319
459 -1 186 0 0 0 0 0 490 -0.020473870247157605 0.19819894375011013 0.17772507350295252 -304
460 -1 189 0 0 0 0 0 510 0.10308051159515402 0.17307884161888223 0.2761593532140363 -321
461 -1 191 0 0 0 0 0 515 0.008837327577062558 -0.2292470025649086 -0.22040967498784603 -324
461 -1 220 0 0 0 0 0 544 0.008837327577062558 0.2470084901835777 0.25584581776064025 -324
462 -1 186 0 0 0 0 0 499 0.023295568207497223 0.4355053104555516 0.4588008786630488 -313
463 -1 196 0 0 0 0 0 506 -0.023056245351772718 -0.3254994854010487 -0.3485557307528214 -310
463 -1 210 0 0 0 0 0 520 -0.023056245351772718 0.18663116720453218 0.16357492185275946 -310
463 -1 223 0 0 0 0 0 533 -0.023056245351772718 -0.07956517958246907 -0.10262142493424178 -310
464 -1 200 0 0 0 0 0 552 -0.052894558857869506 0.07344580797023478 0.020551249112365277 -352
465 -1 192 0 0 0 0 0 542 -0.14716943446624942 -0.6939696356257165 -0.8411390700919659 -350
465 -1 204 0 0 0 0 0 554 -0.14716943446624942 0.5296803053361173 0.3825108708698679 -350
466 -1 186 0 0 0 0 0 529 0.00293931494497572 0.3318155384655781 0.33475485341055383 -343
467 -1 185 0 0 0 0 0 522 0.01179454936302695 -0.051107657521576144 -0.039313108158549194 -337
468 -1 192 0 0 0 0 0 501 0.1093336109786819 0.015610206198774278 0.12494381717745617 -309
468 -1 205 0 0 0 0 0 514 0.1093336109786819 0.04994008914095747 0.15927370011963937 -309
469 -1 187 0 0 0 0 0 490 0.11185331293000478 -0.05826817950836289 0.05358513342164189 -303
470 -1 183 0 0 0 0 0 528 -0.12195277323604213 -0.4281813826365046 -0.5501341558725468 -345
470 -1 202 0 0 0 0 0 547 -0.12195277323604213 0.10345970887297937 -0.018493064363062764 -345
470 -1 232 0 0 0 0 0 577 -0.12195277323604213 0.020532188241482077 -0.10142058499456005 -345
471 -1 183 0 0 0 0 0 543 0.01159710420514676 -0.38465272637649117 -0.3730556221713444 -360
471 -1 213 0 0 0 0 0 573 0.01159710420514676 0.04797431593723495 0.05957142014238171 -360
472 -1 197 0 0 0 0 0 499 0.0022040581172977844 -0.08988855059600967 -0.08768449247871188 -302
472 -1 213 0 0 0 0 0 515 0.0022040581172977844 0.20242122232734797 0.20462528044464576 -302
473 -1 192 0 0 0 0 0 532 -0.02650316234166257 0.3182530467532644 0.2917498844116018 -340
473 -1 206 0 0 0 0 0 546 -0.02650316234166257 0.002653046150080113 -0.023850116191582456 -340
473 -1 223 0 0 0 0 0 563 -0.02650316234166257 -0.3652700474628869 -0.39177320980454944 -340
474 -1 190 0 0 0 0 0 544 -0.12477762032021153 0.221985825539118 0.09720820521890647 -354
474 -1 218 0 0 0 0 0 572 -0.12477762032021153 -0.025814250778426917 -0.15059187109863845 -354
474 -1 235 0 0 0 0 0 589 -0.12477762032021153 -0.172086011828915 -0.29686363214912653 -354
475 -1 193 0 0 0 0 0 524 0.06151773834861388 -0.14873999056858958 -0.0872222522199757 -331
476 -1 185 0 0 0 0 0 536 0.055748302843084324 0.4302318063587322 0.48598010920181656 -351
477 -1 191 0 0 0 0 0 545 0.0011568132644415394 0.0067133170014449855 0.007870130265886524 -354
478 -1 181 0 0 0 0 0 517 0.022759726584978164 0.16852084453475868 0.19128057111973684 -336
479 -1 187 0 0 0 0 0 529 0.13905911279921193 0.14060279073891846 0.27966190353813036 -342
480 -1 186 0 0 0 0 0 527 0.05322006220649828 -0.32820026425672527 -0.274980202050227 -341
480 -1 214 0 0 0 0 0 555 0.05322006220649828 0.01563453050727317 0.06885459271377145 -341
480 -1 237 0 0 0 0 0 578 0.05322006220649828 -0.161082111500114 -0.10786204929361573 -341
481 -1 182 0 0 0 0 0 517 -0.17944456757133037 -0.4061688178682646 -0.585613385439595 -335
481 -1 204 0 0 0 0 0 539 -0.17944456757133037 0.10037088104088634 -0.07907368653044403 -335
482 -1 187 0 0 0 0 0 520 -0.01649410055788943 -0.25310964367046446 -0.26960374422835387 -333
482 -1 205 0 0 0 0 0 538 -0.01649410055788943 -0.019958251533508314 -0.036452352091397744 -333
482 -1 226 0 0 0 0 0 559 -0.01649410055788943 0.021649652018095742 0.005155551460206312 -333
483 -1 184 0 0 0 0 0 534 0.04345134709153012 -0.09830840669288642 -0.0548570596013563 -350
483 -1 221 0 0 0 0 0 571 0.04345134709153012 0.05814058077697511 0.10159192786850524 -350
484 -1 182 0 0 0 0 0 544 0.04829177637080525 0.3927614929998117 0.44105326937061695 -362
485 -1 188 0 0 0 0 0 539 0.05188928961468438 0.0712390028664366 0.12312829248112098 -351
485 -1 219 0 0 0 0 0 570 0.05188928961468438 -0.1982877713418124 -0.14639848172712805 -351
485 -1 239 0 0 0 0 0 590 0.05188928961468438 -0.30166246738563124 -0.24977317777094687 -351
486 -1 189 0 0 0 0 0 510 0.10627761020391559 -0.14212784477894128 -0.03585023457502569 -321
486 -1 209 0 0 0 0 0 530 0.10627761020391559 -0.18612494357750922 -0.07984733337359363 -321
486 -1 237 0 0 0 0 0 558 0.10627761020391559 -0.08902719113290825 0.017250419071007342 -321
487 -1 197 0 0 0 0 0 543 -0.050079896045836673 -0.15110032876562807 -0.20118022481146475 -346
488 -1 197 0 0 0 0 0 538 0.08662433833061538 0.027656668268520205 0.11428100659913558 -341
488 -1 211 0 0 0 0 0 552 0.08662433833061538 0.03791430455347073 0.12453864288408611 -341
488 -1 229 0 0 0 0 0 570 0.08662433833061538 -0.23851365777181288 -0.1518893194411975 -341
489 -1 183 0 0 0 0 0 539 -0.0582256585715832 0.5456229729687302 0.487397314397147 -356
490 -1 196 0 0 0 0 0 536 0.05570225513280918 -0.20110397349162518 -0.145401718358816 -340
490 -1 221 0 0 0 0 0 561 0.05570225513280918 0.2178490450542608 0.27355130018706997 -340
491 -1 199 0 0 0 0 0 504 0.04746049717327669 0.07917919629709456 0.12663969347037124 -305
492 -1 190 0 0 0 0 0 530 0.04858551542257107 0.3742365255552797 0.42282204097785075 -340
493 -1 183 0 0 0 0 0 545 -0.058977131995268064 0.21885496189974926 0.15987782990448118 -362
493 -1 217 0 0 0 0 0 579 -0.058977131995268064 -0.3295483496715672 -0.38852548166683526 -362
493 -1 226 0 0 0 0 0 588 -0.058977131995268064 0.7383811955614241 0.679404063566156 -362
494 -1 192 0 0 0 0 0 536 0.0795071439664429 -0.3430191938595261 -0.2635120498930832 -344
494 -1 220 0 0 0 0 0 564 0.0795071439664429 0.19796419044400715 0.27747133441045 -344
494 -1 227 0 0 0 0 0 571 0.0795071439664429 -0.22903106448399863 -0.14952392051755573 -344
495 -1 186 0 0 0 0 0 515 0.05868006843225035 -0.342631420021276 -0.2839513515890256 -329
495 -1 21497 0 547 0 0 0 0 -0 395 0.04839460751584285 0.032185239968247084 0.08057984748408993 152
498 0 562 0 0 0 0 -0 432 -0.07677338042980582 0.051829390825961 -0.02494398960384482 130
498 0 583 0 0 0 0 0 453 -0.07677338042980582 -0.059023309606377895 -0.1357966900361837497 0 551 0 0 0 0 -0 431 0.03769812135222787 0.02315624911501534 0.060854370467243214 120
498 0 565 0 0 0 0 0 459 -0.0027540331040105948 0.07071358467010579 0.06795955156609519 106
498 0 584 0 0 0 0 0 478 -0.0027540331040105948 -0.31763278426019725 -0.3203868173642078 106
498 0 592 0 0 0 0 0 486 -0.0027540331040105948 -0.1601117030896416 -0.1628657361936522 106
499 0 564 0 0 0 0 -0 438 0.03273787733227948 0.5415637481820892 0.5743016255143687 126
500 0 560 0 0 0 0 -0 431 -0.019501805642150434 0.012893366271107602 -0.0066084393710428325 129
501 0 557 0 0 0 0 0 459 -0.009742226711799924 -0.20183667690603702 -0.21157890361783693 98
501 0 585 0 0 0 0 0 487 -0.009742226711799924 -0.11953337203615705 -0.12927559874795697 98
501 0 599 0 0 0 0 0 501 -0.009742226711799924 0.5815306440002715 0.5717884172884716 98
502 0 556 0 0 0 0 -0 415 0.1496186895036185 0.3761253953861767 0.5257440848897952 141
503 0 548 0 0 0 0 -0 391 -0.04578009581572344 0.11162757462733926 0.06584747881161582 157
503 0 571 0 0 0 0 -0 414 -0.04578009581572344 -0.428041704030037 -0.47382179984576045 157
503 0 593 0 0 0 0 -0 436 -0.04578009581572344 0.0004364554852790344 -0.045343640330444406 157
504 0 555 0 0 0 0 0 456 -0.10649403824847883 -0.1353599537288053 -0.24185399197728413 99
505 0 552 0 0 0 0 -0 431 -0.06597866448014139 -0.2876819825901758 -0.3536606470703172 121
505 0 583 0 0 0 0 0 462 -0.06597866448014139 0.3520983152957737 0.2861196508156323 121
506 0 560 0 0 0 0 -0 433 -0.023486578493154584 0.3671152611021016 0.34362868260894697 127
507 0 553 0 0 0 0 -0 397 -0.2028603934071908 -0.12999873956763583 -0.3328591329748266 156
507 0 579 0 0 0 0 -0 423 -0.2028603934071908 -0.061889661589931144 -0.26475005499712195 156
507 0 591 0 0 0 0 -0 435 -0.2028603934071908 0.21316441583183837 0.010304022424647563 156
508 0 562 0 0 0 0 -0 427 -0.06741980667986752 -0.2318512902651748 -0.2992710969450423 135
508 0 583 0 0 0 0 0 448 -0.06741980667986752 0.7449007904829502 0.6774809838030826 135
509 0 547 0 0 0 0 -0 445 0.017998667311395232 0.19496052529637733 0.21295919260777257 102
510 0 555 0 0 0 0 -0 398 0.1190736782464708 0.5285679579309366 0.6476416361774073 157
511 0 563 0 0 0 0 -0 406 -0.03772609271924822 0.2073450788645192 0.169618986145271 157
512 0 553 0 0 0 0 0 451 0.12783161517069674 0.015314725051649233 0.14314634022234599 102
512 0 570 0 0 0 0 0 468 0.12783161517069674 0.45828519281040847 0.5861168079811052 102
513 0 558 0 0 0 0 -0 422 -0.08115217590505017 -0.030286698341055504 -0.11143887424610567 136
513 0 584 0 0 0 0 0 448 -0.08115217590505017 -0.15996094623066529 -0.24111312213571545 136
513 0 591 0 0 0 0 0 455 -0.08115217590505017 0.16183321082030344 0.08068103491525327 136
514 0 563 0 0 0 0 -0 431 0.05944331614646596 0.10194550310994702 0.16138881925641296 132
514 0 570 0 0 0 0 -0 438 0.05944331614646596 -0.5232605213330769 -0.4638172051866109 132
514 0 594 0 0 0 0 0 462 0.05944331614646596 -0.4006912501424292 -0.3412479339959632 132
515 0 560 0 0 0 0 0 455 -0.12999865829106183 0.4127996064116972 0.2828009481206354 105
515 0 582 0 0 0 0 0 477 -0.12999865829106183 0.146514864343145 0.016516206052083177 105
516 0 562 0 0 0 0 0 458 -0.09142228505809209 0.2958638666212618 0.20444158156316972 104
516 0 576 0 0 0 0 0 472 -0.09142228505809209 0.13894391908588305 0.04752163402779096 104
516 0 591 0 0 0 0 0 487 -0.09142228505809209 0.2131616589238612 0.12173937386576912 104
517 0 565 0 0 0 0 -0 444 -0.01127144019212957 -0.24276063248524968 -0.25403207267737926 121
517 0 570 0 0 0 0 0 449 -0.01127144019212957 -0.6753005617916517 -0.6865720019837812 121
517 0 595 0 0 0 0 0 474 -0.01127144019212957 -0.19369232304358275 -0.2049637632357123 121
518 0 561 0 0 0 0 0 457 0.00496069705249645 0.19006377578544226 0.1950244728379387 104
519 0 553 0 0 0 0 -0 440 -0.008622055526888075 -0.027987148984753962 -0.03660920451164204 113
520 0 556 0 0 0 0 -0 422 -0.0908571159255824 0.10660133955534878 0.01574422362976638 134
521 0 561 0 0 0 0 -0 443 -0.1379781330709538 -0.18856528073070403 -0.32654341380165786 118
521 0 570 0 0 0 0 0 452 -0.1379781330709538 0.09386340544392463 -0.04411472762702917 118
522 0 546 0 0 0 0 -0 392 0.10482789180765038 0.3046262797942543 0.40945417160190467 154
522 0 570 0 0 0 0 -0 416 0.10482789180765038 0.06849585178836992 0.17332374359602032 154
522 0 588 0 0 0 0 -0 434 0.10482789180765038 -0.3884119370186387 -0.2835840452109883 154
523 0 550 0 0 0 0 -0 402 0.10558214562862742 0.40245876287937493 0.5080409085080023 148
524 0 554 0 0 0 0 -0 405 -0.03127593110875675 -0.04533629041861497 -0.07661222152737171 149
525 0 563 0 0 0 0 -0 431 -0.1031848213033362 -0.10145236481203547 -0.20463718611537168 132
525 0 577 0 0 0 0 -0 445 -0.1031848213033362 0.37209002050706697 0.2689051992037308 132
526 0 549 0 0 0 0 -0 413 0.11081260535716109 0.11448633803604856 0.22529894339320966 136
527 0 546 0 0 0 0 -0 432 -0.11315340737342773 -0.4020439625112963 -0.5151973698847241 114
527 0 585 0 0 0 0 0 471 -0.11315340737342773 0.00873059314030121 -0.10442281423312652 114
527 0 594 0 0 0 0 0 480 -0.11315340737342773 -0.10308743082424213 -0.21624083819766987 114
528 0 559 0 0 0 0 -0 431 -0.0035113112799528747 -0.1674708335642839 -0.1709821448442368 128
529 0 561 0 0 0 0 -0 419 -0.01841043663142116 -0.10370699579725359 -0.12211743242867476 142
530 0 563 0 0 0 0 -0 410 0.01683115926843419 0.39124071798442517 0.40807187725285937 153
531 0 554 0 0 0 0 0 455 0.08386944264835837 -0.10799313908487784 -0.024123696436519473 99
532 0 554 0 0 0 0 -0 397 -0.14007117679126496 0.051031121652338175 -0.0890400551389268 157
532 0 582 0 0 0 0 -0 425 -0.14007117679126496 -0.5411985226814767 -0.6812696994727416 157
532 0 601 0 0 0 0 -0 444 -0.14007117679126496 -0.327677377118776 -0.46774855391004094 157
533 0 554 0 0 0 0 0 450 -0.23541526939124685 -0.38475313259873983 -0.6201684019899867 104
533 0 572 0 0 0 0 0 468 -0.23541526939124685 0.26572598388410174 0.030310714492854884 104
533 0 597 0 0 0 0 0 493 -0.23541526939124685 -0.041879855811238584 -0.27729512520248545 104
534 0 547 0 0 0 0 -0 391 0.026661966057200705 0.3512071131937288 0.37786907925092955 156
535 0 551 0 0 0 0 -0 438 -0.03642641739080313 -0.2714412354066775 -0.30786765279748063 113
535 0 577 0 0 0 0 0 464 -0.03642641739080313 0.22148449504867546 0.18505807765787233 113
536 0 549 0 0 0 0 0 449 0.019474242096887903 0.17211522075939417 0.1915894628562821 100
536 0 574 0 0 0 0 0 474 0.019474242096887903 0.39439288390193966 0.4138671259988276 100
537 0 549 0 0 0 0 -0 417 0.08309384123421514 -0.1633253621749817 -0.08023152094076656 132
537 0 570 0 0 0 0 -0 438 0.08309384123421514 0.1493643813943053 0.23245822262852045 132
537 0 588 0 0 0 0 0 456 0.08309384123421514 -0.21718693062390126 -0.13409308938968612 132
538 0 547 0 0 0 0 -0 405 -0.001938806923161153 -0.2172670808786649 -0.21920588780182604 142
538 0 573 0 0 0 0 -0 431 -0.001938806923161153 0.12119266107982253 0.11925385415666137 142
538 0 601 0 0 0 0 0 459 -0.001938806923161153 -0.07515584071664708 -0.07709464763980822 142
539 0 549 0 0 0 0 -0 421 0.06070892137081466 0.21804433009467775 0.2787532514654924 128
540 0 552 0 0 0 0 -0 432 0.06089900202897294 -0.08309796908457097 -0.022198967055598026 120
540 0 569 0 0 0 0 0 449 0.06089900202897294 0.18536062548906593 0.24625962751803887 120
541 0 547 0 0 0 0 -0 434 -0.033240564174697104 -0.010553862728956974 -0.04379442690365408 113
541 0 572 0 0 0 0 0 459 -0.033240564174697104 0.027232693277712917 -0.006007870896984187 113
542 0 558 0 0 0 0 -0 412 -0.07520377930938305 0.11006637859560807 0.034862599286225024 146
543 0 563 0 0 0 0 -0 423 -0.09836543721142015 0.010091304935163773 -0.08827413227625637 140
544 0 561 0 0 0 0 -0 445 -0.010746703876672594 -0.5565373127723771 -0.5672840166490497 116
544 0 584 0 0 0 0 0 468 -0.010746703876672594 -0.06010214836590421 -0.07084885224257681 116
545 0 549 0 0 0 0 0 448 -0.0002563978819264956 -0.11991340409177904 -0.12016980197370554 101
545 0 571 0 0 0 0 0 470 -0.0002563978819264956 0.18366165972830728 0.18340526184638078 101
546 0 565 0 0 0 0 0 450 -0.00942061517645476 -0.3229498122017928 -0.33237042737824757 115
546 0 567 0 0 0 0 0 452 -0.00942061517645476 0.0032761369863839648 -0.006144478190070796 115
547 0 555 0 0 0 0 -0 430 -0.06819858554346676 0.3138225900579941 0.24562400451452737 125
548 0 550 0 0 0 0 -0 410 -0.02602417062752625 -0.10590061156122199 -0.13192478218874823 140
549 0 546 0 0 0 0 -0 401 -0.05951951087453698 -0.38708766396689287 -0.44660717484142987 145
549 0 576 0 0 0 0 -0 431 -0.05951951087453698 0.19315584040163214 0.13363632952709514 145
550 0 565 0 0 0 0 0 459 -0.06708586379920628 -0.3216347977466493 -0.3887206615458556 106
550 0 572 0 0 0 0 0 466 -0.06708586379920628 0.11461624578438291 0.04753038198517663 106
550 0 588 0 0 0 0 0 482 -0.06708586379920628 -0.09540560949742685 -0.16249147329663313 106
551 0 564 0 0 0 0 -0 431 -0.11478721110421647 0.1575998403723416 0.042812629268125124 133
551 0 575 0 0 0 0 -0 442 -0.11478721110421647 -0.07607812721379162 -0.1908653383180081 133
552 0 550 0 0 0 0 -0 435 0.17230801972280954 -0.03179026488735167 0.14051775483545786 115
553 0 556 0 0 0 0 -0 415 0.046700209035082686 0.16608568054960587 0.21278588958468855 141
553 0 575 0 0 0 0 -0 434 0.046700209035082686 -0.1406702398625699 -0.09397003082748723 141
553 0 591 0 0 0 0 0 450 0.046700209035082686 0.32310959708097503 0.36980980611605774 141
554 0 558 0 0 0 0 -0 402 0.02921944234181116 -0.2815058261358819 -0.2522863837940707 156
555 0 549 0 0 0 0 -0 445 -0.00917590316745849 -0.17421168539674647 -0.18338758856420495 104
556 0 554 0 0 0 0 -0 412 -0.06408015542978128 0.05342963459842647 -0.010650520831354808 142
557 0 565 0 0 0 0 -0 414 0.24168358384617294 0.0018831841795695194 0.24356676802574245 151
557 0 581 0 0 0 0 -0 430 0.24168358384617294 -0.20345003819971577 0.03823354564645717 151
558 0 563 0 0 0 0 -0 421 -0.011618759465433486 0.2363031507270281 0.22468439126159462 142
558 0 586 0 0 0 0 -0 444 -0.011618759465433486 -0.11121456044013237 -0.12283331990556585 142
558 0 599 0 0 0 0 0 457 -0.011618759465433486 -0.20815612800027297 -0.21977488746570645 142
559 0 549 0 0 0 0 -0 414 0.08134328888808282 -0.2837978476474019 -0.2024545587593191 135
559 0 585 0 0 0 0 0 450 0.08134328888808282 0.0915466256086193 0.1728899144967021 135
559 0 589 0 0 0 0 0 454 0.08134328888808282 0.2904052135254556 0.3717485024135384 135
560 0 548 0 0 0 0 -0 438 -0.033102303309877734 -0.12884614810957318 -0.1619484514194509 110
560 0 578 0 0 0 0 0 468 -0.033102303309877734 -0.13726714458898967 -0.1703694478988674 110
560 0 593 0 0 0 0 0 483 -0.033102303309877734 0.06229081076487101 0.029188507454993275 110
561 0 546 0 0 0 0 -0 437 -0.035334499912799064 0.23165357651687116 0.1963190766040721 109
561 0 567 0 0 0 0 0 458 -0.035334499912799064 0.6077701927492051 0.572435692836406 109
562 0 563 0 0 0 0 0 463 -0.03817841684036244 -0.06291287406482388 -0.10109129090518632 100
562 0 584 0 0 0 0 0 484 -0.03817841684036244 -0.008257436084101361 -0.0464358529244638 100
563 0 557 0 0 0 0 0 459 -0.06363801131573757 -0.45333183734564103 -0.5169698486613786 98
563 0 575 0 0 0 0 0 477 -0.06363801131573757 -0.11503905929141214 -0.1786770706071497 98
563 0 601 0 0 0 0 0 503 -0.06363801131573757 -0.09514426044830895 -0.15878227176404652 98
564 0 561 0 0 0 0 -0 435 -0.04072612513040261 -0.1454178507965343 -0.1861439759269369 126
564 0 569 0 0 0 0 -0 443 -0.04072612513040261 -0.2539248826930328 -0.29465100782343545 126
564 0 599 0 0 0 0 0 473 -0.04072612513040261 0.2236943390313719 0.1829682139009693 126
565 0 558 0 0 0 0 0 453 -0.017782924709333063 -0.476680580900925 -0.4944635056102581 105
565 0 579 0 0 0 0 0 474 -0.017782924709333063 0.1714186883534158 0.15363576364408274 105
566 0 546 0 0 0 0 -0 405 0.10622362851798921 -0.6713212735091856 -0.5650976449911964 141
566 0 568 0 0 0 0 -0 427 0.10622362851798921 -0.25968663307624124 -0.15346300455825201 141
567 0 565 0 0 0 0 -0 433 -0.0997284571044496 0.2597111336687477 0.1599826765642981 132
568 0 564 0 0 0 0 -0 410 -0.031271112782037376 -0.2447830886564059 -0.2760542014384433 154
568 0 572 0 0 0 0 -0 418 -0.031271112782037376 0.1294487300689921 0.09817761728695473 154
568 0 598 0 0 0 0 -0 444 -0.031271112782037376 -0.10546843246425865 -0.13673954524629603 154
569 0 563 0 0 0 0 -0 414 -0.1192203360709495 -0.313680458893109 -0.43290079496405853 149
570 0 562 0 0 0 0 0 464 -0.10592983328995681 0.28510010530185603 0.17917027201189922 98
571 0 549 0 0 0 0 -0 438 -0.06560218758589104 -0.33795056998838496 -0.403552757574276 111
571 0 580 0 0 0 0 0 469 -0.06560218758589104 -0.1935828690767757 -0.2591850566626667 111
571 0 597 0 0 0 0 0 486 -0.06560218758589104 0.32859610101926795 0.2629939134333769 111
572 0 554 0 0 0 0 -0 420 -0.0058267389867418945 0.16907285039540376 0.16324611140866185 134
573 0 556 0 0 0 0 -0 439 -0.008513592786943552 0.401037609176479 0.3925240163895355 117
574 0 552 0 0 0 0 -0 440 -0.12925093965659565 -0.14450258629048296 -0.2737535259470786 112
574 0 585 0 0 0 0 0 473 -0.12925093965659565 -0.48225819814640375 -0.6115091378029994 112
574 0 602 0 0 0 0 0 490 -0.12925093965659565 -0.26057405845556675 -0.3898249981121624 112
575 0 557 0 0 0 0 -0 430 0.037387685047027164 -0.4357529164459659 -0.39836523139893876 127
575 0 579 0 0 0 0 0 452 0.037387685047027164 -0.15623610811013386 -0.1188484230631067 127
575 0 601 0 0 0 0 0 474 0.037387685047027164 -0.1743670373139368 -0.13697935226690963 127
576 0 564 0 0 0 0 -0 408 -0.0028547896805787773 -0.37532949588947506 -0.37818428557005385 156
577 0 561 0 0 0 0 0 456 -0.019500470083397232 0.25618744914244895 0.23668697905905173 105
578 0 546 0 0 0 0 -0 433 0.011587286792665574 -0.22027302937764262 -0.20868574258497705 113
579 0 554 0 0 0 0 -0 402 0.18429900564060486 0.08718830730891616 0.271487312949521 152
580 0 560 0 0 0 0 -0 406 -0.12742706490362044 -0.0003640736680250166 -0.12779113857164545 154
580 0 581 0 0 0 0 -0 427 -0.12742706490362044 0.450064833730637 0.32263776882701656 154
581 0 559 0 0 0 0 -0 419 -0.05651757880478594 -0.03284974392496877 -0.0893673227297547 140
581 0 583 0 0 0 0 -0 443 -0.05651757880478594 -0.29378944846364485 -0.35030702726843077 140
581 0 602 0 0 0 0 0 462 -0.05651757880478594 0.0717442266013201 0.015226647796534161 140
582 0 565 0 0 0 0 0 460 0.031795997509788634 0.194314420072777 0.22611041758256561 105
582 0 578 0 0 0 0 0 473 0.031795997509788634 0.27809828220755933 0.30989427971734795 105
583 0 555 0 0 0 0 -0 427 0.008137310172780507 0.32177138221252766 0.3299086923853082 128
584 0 563 0 0 0 0 -0 429 -0.07072762283727473 -0.40345587633119906 -0.4741834991684738 134
584 0 581 0 0 0 0 0 447 -0.07072762283727473 -0.3674829070099095 -0.4382105298471842 134
584 0 593 0 0 0 0 0 459 -0.07072762283727473 0.05460957283338455 -0.016118050003890175 134
585 0 556 0 0 0 0 -0 417 0.07341312362806499 0.14633327540183613 0.21974639902990112 139
586 0 552 0 0 0 0 -0 395 0.03893437802852298 -0.009904639640815444 0.02902973838770754 157
587 0 564 0 0 0 0 0 459 -0.05053924113907278 0.243705192697 1 930 0 0 0 0 0 453 0.072480697 1 928 0 0 0 0 -0 426 -0.0237798747435588 0.3692624694604928 0.345482594716934 502
697 1 938 0 0 0 0 -0 436 -0.0237798747435588 0.34490086689595195 0.32112099215239315 502
697 1 953 0 0 0 0 0 451 -0.0237798747435588 0.18383765058131785 0.16005777583775904 502
698 1 916 0 0 0 0 -0 438 -0.05279709212056498 -0.1507650437459592 -0.20356213586652416 478
699 1 913 0 0 0 0 -0 436 0.019154804729725364 -0.008320814378699012 0.010833990351026352 477
701 1 929 0 0 0 0 -0 443 -0.005334712685218866 0.0783777217762052 0.07304300909098632 486
701 1 946 0 0 0 0 0 460 -0.005334712685218866 -0.013073031125780723 -0.01840774381099959 486
701 1 961 0 0 0 0 0 475 -0.005334712685218866 -0.2506216760569579 -0.25595638874217674 486
704 1 926 0 0 0 0 -0 415 0.12625917754691074 -0.22243535908009776 -0.09617618153318702 511
704 1 950 0 0 0 0 -0 439 0.12625917754691074 0.36091269874979964 0.4871718762967104 511
705 1 923 0 0 0 0 0 457 -0.09085195315309198 0.11406032824507524 0.023208375091983258 466
705 1 932 0 0 0 0 0 466 -0.09085195315309198 0.16065833993731227 0.06980638678422028 466
706 1 926 0 0 0 0 0 449 -0.042555117580993625 0.3000051473596874 0.2574500297786938 477
707 1 919 0 0 0 0 -0 445 -0.0034831203928340007 -0.4177869551034095 -0.4212700754962435 474
707 1 935 0 0 0 0 0 461 -0.0034831203928340007 -0.10088157612074641 -0.10436469651358041 474
708 1 918 0 0 0 0 -0 431 -0.0335828435915141 0.4593967154474361 0.425813871855922 487
709 1 920 0 0 0 0 -0 433 -0.05286916708607084 -0.5570701730454235 -0.6099393401314943 487
709 1 932 0 0 0 0 -0 445 -0.05286916708607084 0.06954301820225224 0.0166738511161814 487
710 1 921 0 0 0 0 -0 425 -0.0280869669442445 -0.00012073305893020787 -0.02820770000317471 496
710 1 947 0 0 0 0 0 451 -0.0280869669442445 0.0014492778789074055 -0.026637689065337096 496
710 1 956 0 0 0 0 0 460 -0.0280869669442445 0.13976977311041325 0.11168280616616874 496
714 1 926 0 0 0 0 0 458 -0.05708184487593956 -0.6440866938767549 -0.7011685387526945 468
714 1 947 0 0 0 0 0 479 -0.05708184487593956 -0.18747722736492997 -0.24455907224086953 468
715 1 916 0 0 0 0 -0 419 -0.03324821572499427 0.22062266184017643 0.18737444611518217 497
716 1 924 0 0 0 0 -0 403 0.10013579868609479 -0.029975029447539468 0.07016076923855533 521
716 1 937 0 0 0 0 -0 416 0.10013579868609479 -0.006584073097916954 0.09355172558817784 521
716 1 960 0 0 0 0 -0 439 0.10013579868609479 -0.5135935494637142 -0.41345775077761937 521
718 1 917 0 0 0 0 -0 437 -0.10799515649112153 -0.15629666309644022 -0.26429181958756176 480
718 1 932 0 0 0 0 0 452 -0.10799515649112153 0.12489606308957336 0.016900906598451837 480
720 1 926 0 0 0 0 -0 441 0.007773831616096839 -0.171593800233849 -0.16381996861775214 485
720 1 946 0 0 0 0 0 461 0.007773831616096839 0.007235651409828654 0.015009483025925491 485
724 1 921 0 0 0 0 -0 432 -0.06224481730290603 -0.025567829570157467 -0.08781264687306349 489
728 1 921 0 0 0 0 0 452 -0.03109114174216271 -0.024585103228764088 -0.0556762449709268 469
728 1 947 0 0 0 0 0 478 -0.03109114174216271 0.00027618456950562176 -0.030814957172657087 469
728 1 963 0 0 0 0 0 494 -0.03109114174216271 -0.5020577663629882 -0.5331489081051508 469
730 1 922 0 0 0 0 -0 440 -0.013166415690163726 0.28451665702497186 0.2713502413348081 482
731 1 921 0 0 0 0 0 457 0.08405138464336089 -0.1273515286788585 -0.043300144035497604 464
731 1 944 0 0 0 0 0 480 0.08405138464336089 0.04161622658711753 0.12566761123047843 464
731 1 955 0 0 0 0 0 491 0.08405138464336089 0.610288085965594 0.694339470608955 464
732 1 912 0 0 0 0 -0 394 0.026789884791209424 -0.1341314120569826 -0.10734152726577317 518
732 1 932 0 0 0 0 -0 414 0.026789884791209424 -0.02306237762146122 0.003727507169748203 518
733 1 914 0 0 0 0 -0 436 0.09317560428030565 0.5966340381593126 0.6898096424396183 478
735 1 911 0 0 0 0 -0 417 -0.007213249694192764 0.17854456282403208 0.17133131312983932 494
735 1 936 0 0 0 0 -0 442 -0.007213249694192764 0.1153979209057267 0.10818467121153394 494
735 1 960 0 0 0 0 0 466 -0.007213249694192764 -0.1708224024784277 -0.17803565217262046 494
739 1 930 0 0 0 0 -0 427 0.03414325352812325 0.19126359847891694 0.2254068520070402 503
743 1 917 0 0 0 0 -0 427 0.01538900835917767 -0.10609630859977201 -0.09070730024059434 490
743 1 945 0 0 0 0 0 455 0.01538900835917767 -0.1938690296906852 -0.17848002133150753 490
743 1 961 0 0 0 0 0 471 0.01538900835917767 0.0971000216751759 0.11248903003435357 490
744 1 929 0 0 0 0 -0 436 -0.11618349307001999 -0.1819119911854673 -0.29809548425548726 493
744 1 941 0 0 0 0 0 448 -0.11618349307001999 0.2769635900229021 0.16078009695288212 493
747 1 914 0 0 0 0 -0 419 0.03979536679277741 0.40776669116916425 0.44756205796194165 495
751 1 929 0 0 0 0 0 450 -0.11777503379163183 -0.26591297603564723 -0.3836880098272791 479
751 1 948 0 0 0 0 0 469 -0.11777503379163183 -0.26296810976246054 -0.3807431435540924 479
751 1 960 0 0 0 0 0 481 -0.11777503379163183 0.25388043122124365 0.1361053974296118 479
755 1 912 0 0 0 0 -0 439 -0.03411985777668132 0.0011918997087207708 -0.03292795806796055 473
755 1 948 0 0 0 0 0 475 -0.03411985777668132 0.5009483432063094 0.4668284854296281 473
756 1 921 0 0 0 0 -0 441 0.0902274729507296 0.20996162575531588 0.3001890987060455 480
758 1 929 0 0 0 0 0 454 0.14073067264209094 -0.10256276119889553 0.03816791144319541 475
759 1 915 0 0 0 0 -0 418 0.07539426172187699 0.003513308098160018 0.07890756982003701 497
760 1 916 0 0 0 0 -0 429 -0.04100945733689275 -0.6331402850094215 -0.6741497423463143 487
760 1 950 0 0 0 0 0 463 -0.04100945733689275 -0.29355820578391345 -0.3345676631208062 487
763 1 922 0 0 0 0 0 456 -0.05845937787998986 -0.07066933349278197 -0.12912871137277182 466
763 1 947 0 0 0 0 0 481 -0.05845937787998986 -0.13175285649029833 -0.1902122343702882 466
763 1 969 0 0 0 0 0 503 -0.05845937787998986 -0.10369447111889803 -0.16215384899888788 466
766 1 914 0 0 0 0 -0 412 -0.05260118396454831 0.2342337601447417 0.1816325761801934 502
766 1 948 0 0 0 0 -0 446 -0.05260118396454831 0.08279360776147425 0.030192423796925938 502
766 1 956 0 0 0 0 0 454 -0.05260118396454831 0.17085611288739225 0.11825492892284394 502
769 1 911 0 0 0 0 -0 413 -0.011209383676997708 -0.2918050226158669 -0.3030144062928646 498
769 1 936 0 0 0 0 -0 438 -0.011209383676997708 0.12090831931980109 0.10969893564280338 498
771 1 916 0 0 0 0 -0 446 -0.13852950851264795 0.28071910445680004 0.1421895959441521 470
773 1 930 0 0 0 0 0 458 -0.03220064261324011 -0.0701057864916797 -0.10230642910491981 472
773 1 938 0 0 0 0 0 466 -0.03220064261324011 0.07252638648355861 0.040325743870318495 472
774 1 917 0 0 0 0 -0 411 -0.142134074595356 0.025342852759881664 -0.11679122183547436 506
774 1 932 0 0 0 0 -0 426 -0.142134074595356 -0.4978439091072146 -0.6399779837025706 506
774 1 969 0 0 0 0 0 463 -0.142134074595356 0.01799589510614871 -0.1241381794892073 506
775 1 922 0 0 0 0 -0 408 0.08258994421075955 0.3944061129539933 0.47699605716475285 514
779 1 919 0 0 0 0 0 447 -0.10473148281600038 -0.04099362550138435 -0.14572510831738472 472
779 1 941 0 0 0 0 0 469 -0.10473148281600038 -0.3500824496947664 -0.45481393251076674 472
779 1 961 0 0 0 0 0 489 -0.10473148281600038 -0.13534122114713037 -0.24007270396313074 472
781 1 924 0 0 0 0 0 450 -0.023598511226025534 -0.4305877941964531 -0.4541863054224786 474
781 1 951 0 0 0 0 0 477 -0.023598511226025534 -0.2357105599302193 -0.25930907115624485 474
781 1 960 0 0 0 0 0 486 -0.023598511226025534 0.11563035976074656 0.09203184853472103 474
782 1 919 0 0 0 0 -0 445 0.052994337980648634 0.27318178882952515 0.32617612681017377 474
783 1 924 0 0 0 0 -0 441 -0.03256390716874903 -0.2653585231908426 -0.2979224303595916 483
783 1 942 0 0 0 0 0 459 -0.03256390716874903 -0.17748423229092755 -0.2100481394596766 483
783 1 955 0 0 0 0 0 472 -0.03256390716874903 0.1348996750111002 0.10233576784235117 483
784 1 914 0 0 0 0 -0 415 -0.07323111720798268 -0.1128978685733262 -0.18612898578130888 499
786 1 926 0 0 0 0 -0 418 -0.028153610756761836 0.147211631318798 0.11905802056203615 508
787 1 929 0 0 0 0 -0 442 -0.05271336682818037 -0.26260078763590533 -0.3153141544640857 487
787 1 937 0 0 0 0 0 450 -0.05271336682818037 0.044277018910538736 -0.008436347917641633 487
787 1 954 0 0 0 0 0 467 -0.05271336682818037 -0.08897971629866344 -0.1416930831268438 487
788 1 925 0 0 0 0 -0 423 -0.0693803332896045 -0.35192108810213346 -0.421301421391738 502
788 1 945 0 0 0 0 -0 443 -0.0693803332896045 0.22037293390124452 0.15099260061164002 502
790 1 925 0 0 0 0 -0 445 -0.06943429110945874 0.030121614366752893 -0.039312676742705846 480
790 1 939 0 0 0 0 0 459 -0.06943429110945874 -0.062182221457828354 -0.1316165125672871 480
790 1 954 0 0 0 0 0 474 -0.06943429110945874 -0.497452845524885 -0.5668871366343438 480
792 1 929 0 0 0 0 0 457 0.05707097166740267 -0.19422536470382348 -0.1371543930364208 472
794 1 922 0 0 0 0 0 453 -0.11951123553071569 -0.02006756340014745 -0.13957879893086314 469
796 1 916 0 0 0 0 -0 442 -0.04336856747115056 0.08779577436961333 0.04442720689846277 474
796 1 935 0 0 0 0 0 461 -0.04336856747115056 -0.04939335865138809 -0.09276192612253864 474
796 1 964 0 0 0 0 0 490 -0.04336856747115056 0.12856097575442393 0.08519240828327337 474
798 1 929 0 0 0 0 -0 412 0.09211901249363881 0.43177921622596166 0.5238982287196005 517
801 1 925 0 0 0 0 0 459 -0.12070978303061516 0.10610880503481301 -0.01460097799580215 466
801 1 934 0 0 0 0 0 468 -0.12070978303061516 0.6829858001511325 0.5622760171205173 466
802 1 922 0 0 0 0 0 453 -0.05777783203216029 0.34376603471175715 0.28598820267959685 469
803 1 920 0 0 0 0 -0 399 0.05876186105888874 -0.22734892198884923 -0.1685870609299605 521
803 1 934 0 0 0 0 -0 413 0.05876186105888874 0.284515168649558 0.34327702970844676 521
808 1 920 0 0 0 0 -0 428 -0.0752457940386422 0.03943435677858471 -0.0358114372600575 492
810 1 915 0 0 0 0 -0 430 0.12408332861455004 0.08889219301972662 0.21297552163427666 485
810 1 946 0 0 0 0 0 461 0.12408332861455004 -0.08475933535048731 0.03932399326406273 485
812 1 916 0 0 0 0 -0 435 -0.12363417371175535 0.14396724648627648 0.020333072774521135 481
812 1 938 0 0 0 0 0 457 -0.12363417371175535 -0.34819179988439736 -0.4718259735961527 481
812 1 962 0 0 0 0 0 481 -0.12363417371175535 -0.3084358825291408 -0.4320700562408961 481
813 1 921 0 0 0 0 -0 430 0.04845744709109562 -0.10305632870904267 -0.054598881617947057 491
814 1 911 0 0 0 0 -0 437 -0.007231696048640171 0.0007639074949794787 -0.006467788553660692 474
814 1 932 0 0 0 0 0 458 -0.007231696048640171 -0.24328091658849443 -0.2505126126371346 474
814 1 956 0 0 0 0 0 482 -0.007231696048640171 0.42436014470696637 0.4171284486583262 474
815 1 924 0 0 0 0 -0 441 0.05289873928264137 -0.06310356717696601 -0.010204827894324642 483
818 1 928 0 0 0 0 0 458 0.16110515553717486 -0.10923350255990322 0.05187165297727164 470
818 1 932 0 0 0 0 0 462 0.16110515553717486 -0.5070620189090629 -0.345956863371888 470
818 1 961 0 0 0 0 0 491 0.16110515553717486 -0.004493127385732697 0.15661202815144215 470
819 1 927 0 0 0 0 0 455 -0.019831183760063098 0.2578523738618627 0.23802119010179962 472
821 1 921 0 0 0 0 -0 444 -0.15442433580254203 -0.0873979416718129 -0.24182227747435492 477
821 1 937 0 0 0 0 0 460 -0.15442433580254203 0.02345151178607707 -0.13097282401646496 477
821 1 958 0 0 0 0 0 481 -0.15442433580254203 0.512265745971505 0.357841410168963 477
822 1 925 0 0 0 0 -0 428 -0.07212682292162871 0.220868954064665 0.1487421311430363 497
827 1 920 0 0 0 0 -0 441 0.08423878694103668 -0.038629033178524785 0.04560975376251189 479
827 1 951 0 0 0 0 0 472 0.08423878694103668 0.03748090932186736 0.12171969626290403 479
827 1 953 0 0 0 0 0 474 0.08423878694103668 0.04832032489660745 0.13255911183764413 479
830 1 920 0 0 0 0 0 453 -0.18243752865499252 -0.04495131994685394 -0.22738884860184647 467
831 1 924 0 0 0 0 -0 431 -0.18835708916635946 0.2834857171468396 0.09512862798048016 493
833 1 921 0 0 0 0 -0 406 -0.08308896878179334 -0.08789518025255655 -0.17098414903434989 515
833 1 938 0 0 0 0 -0 423 -0.08308896878179334 -0.15753234942486025 -0.24062131820665358 515
833 1 955 0 0 0 0 -0 440 -0.08308896878179334 0.33623676278432707 0.25314779400253373 515
836 1 923 0 0 0 0 0 457 0.010228065651571264 -0.1706190414115336 -0.16039097575996236 466
836 1 950 0 0 0 0 0 484 0.010228065651571264 -0.1673510079349619 -0.15712294228339063 466
836 1 963 0 0 0 0 0 497 0.010228065651571264 0.2806881712835188 0.29091623693509006 466
840 1 927 0 0 0 0 0 462 -0.06141411461179143 -0.22432383969291506 -0.2857379543047065 465
840 1 946 0 0 0 0 0 481 -0.06141411461179143 -0.5696360480299423 -0.6310501626417337 465
840 1 961 0 0 0 0 0 496 -0.06141411461179143 -0.1440982634984606 -0.20551237811025203 465
842 1 920 0 0 0 0 0 454 -0.01110980547650095 0.3066946009471271 0.2955847954706261 466
843 1 929 0 0 0 0 -0 431 -0.042901636700188026 -0.10305656274615238 -0.14595819944634042 498
843 1 937 0 0 0 0 -0 439 -0.042901636700188026 0.1273395626863376 0.08443792598614956 498
843 1 963 0 0 0 0 0 465 -0.042901636700188026 -0.09466431347506774 -0.13756595017525575 498
845 1 924 0 0 0 0 -0 428 -0.026641997112946167 -0.218290279033325 -0.24493227614627117 496
845 1 949 0 0 0 0 0 453 -0.026641997112946167 0.32014370161406586 0.2935017045011197 496
846 1 917 0 0 0 0 0 451 -0.08281049955401845 -0.182166689613654 -0.26497718916767243 466
846 1 936 0 0 0 0 0 470 -0.08281049955401845 -0.09950591121174919 -0.18231641076576766 466
846 1 955 0 0 0 0 0 489 -0.08281049955401845 -0.3438491845320313 -0.4266596840860497 466
849 1 916 0 0 0 0 -0 406 -0.06461113423620957 0.11401651903417612 0.04940538479796655 510
849 1 949 0 0 0 0 -0 439 -0.06461113423620957 0.009091620126436979 -0.055519514109772586 510
849 1 963 0 0 0 0 0 453 -0.06461113423620957 -0.30335272542279634 -0.3679638596590059 510
850 1 930 0 0 0 0 -0 427 -0.09906631207449705 -0.24440752859532022 -0.3434738406698173 503
850 1 951 0 0 0 0 0 448 -0.09906631207449705 0.15440347228821788 0.05533716021372083 503
850 1 953 0 0 0 0 0 450 -0.09906631207449705 0.0499850320912912 -0.04908127998320585 503
851 1 912 0 0 0 0 -0 440 -0.14829477344330913 -0.3119565272644741 -0.4602513007077832 472
851 1 937 0 0 0 0 0 465 -0.14829477344330913 0.24657845699625497 0.09828368355294584 472
851 1 966 0 0 0 0 0 494 -0.14829477344330913 0.146118456096749 -0.002176317346560125 472
852 1 925 0 0 0 0 -0 445 -0.12117386509306978 0.4518882964368035 0.33071443134373374 480
854 1 923 0 0 0 0 -0 433 -0.11898448860557027 0.14224946099879474 0.023264972393224462 490
856 1 924 0 0 0 0 0 460 -0.07693119821857175 -0.3333161477214207 -0.41024734593999246 464
856 1 939 0 0 0 0 0 475 -0.07693119821857175 0.12100578237678582 0.04407458415821407 464
859 1 920 0 0 0 0 -0 424 0.07119282295150006 0.22399859119056933 0.2951914141420694 496
860 1 929 0 0 0 0 0 456 -0.011306772680477084 -0.12140500130595261 -0.1327117739864297 473
862 1 915 0 0 0 0 -0 438 -0.10791568301517086 -0.2505249528841053 -0.35844063589927616 477
862 1 945 0 0 0 0 0 468 -0.10791568301517086 -0.17743408598119817 -0.28534976899636905 477
862 1 958 0 0 0 0 0 481 -0.10791568301517086 -0.35446718872870014 -0.462382871743871 477
863 1 921 0 0 0 0 0 450 0.09945721383303247 -0.06050409451076983 0.038953119322262635 471
863 1 934 0 0 0 0 0 463 0.09945721383303247 0.27813036402105845 0.3775875778540909 471
865 1 925 0 0 0 0 -0 442 0.05676784559599478 0.3972143330521777 0.4539821786481725 483
870 1 911 0 0 0 0 -0 413 0.06736723934739426 0.06270065296204538 0.13006789230943966 498
870 1 949 0 0 0 0 0 451 0.06736723934739426 -0.36439350459963704 -0.2970262652522428 498
870 1 957 0 0 0 0 0 459 0.06736723934739426 -0.5127171935223229 -0.4453499541749287 498
0 0 0 447 0.28052906575279013 0.0033208852641946995 0.28384995101698485 480
860 1 921 0 0 0 0 -0 421 0.12879753543142475 -0.06700750400323803 0.06179003142818672 500
861 1 920 0 0 0 0 0 455 0.09894679260568615 -0.1211170986589424 -0.022170306053256247 465
861 1 935 0 0 0 0 0 470 0.09894679260568615 -0.1054090783779579 -0.006462285772271759 465
861 1 969 0 0 0 0 0 504 0.09894679260568615 -0.212048210862025 -0.11310141825633885 465
862 1 920 0 0 0 0 -0 435 0.13214900461515675 0.34587106602341555 0.4780200706385723 485
863 1 912 0 0 0 0 -0 431 -0.029683380137414637 -0.32847973722868734 -0.35816311736610196 481
863 1 951 0 0 0 0 0 470 -0.029683380137414637 -0.026985572786766387 -0.056668952924181025 481
863 1 964 0 0 0 0 0 483 -0.029683380137414637 -0.03524713922018876 -0.0649305193576034 481
864 1 924 0 0 0 0 0 447 0.05637968130207045 0.131480112842471 0.18785979414454146 477
866 1 921 0 0 0 0 0 453 -0.13169063318119872 0.3040434426717425 0.17235280949054377 468
868 1 912 0 0 0 0 -0 446 0.10785292872662161 0.26262058042166314 0.37047350914828475 466
869 1 927 0 0 0 0 -0 444 0.04642388187214701 -0.11996877029315962 -0.07354488842101262 483
869 1 951 0 0 0 0 0 468 0.04642388187214701 -0.048704075692857784 -0.002280193820710777 483
